<CellularAutomaton>
	<Header>
		<name>Self-Reproducing RPCA SR8 (trajectory)</name>
		<comment>This is a reversible cellualr space in which self-reproducing R-Worms and R-Loops can live. (Jan. 6, 1995)</comment>
		<creationDate>13/02/20 18:18:57</creationDate>
	</Header>
	<Geometry type="KiteAndDartFactory">
		<cellRange>{{0, 0}, {8, 8}}</cellRange>
		<offsetValues>0.000, 0.100, -0.100, 0.200, -0.200</offsetValues>
	</Geometry>
	<CellFile src="sr8KD-trajectory2130220181857">
	<Rule>
		<defaultValue>0.00, 0.00, 0.00, 0.00, 0.00</defaultValue>
		<parameter>
			alpha, (0.000, 1.000);
			beta, (-1.000, 1.000);
			gamma, (0.000, 2.000);
		</parameter>
		<infixExpression>
			(c, nw, ne, se, sw) = hash(center(),  SW().ne, NW().se, NE().sw, SE().nw)
		</infixExpression>
		<Hash>
			<undefinedDefault>0.00, 0.00, 0.00, 0.00, 0.00</undefinedDefault>
			<rotational>YES</rotational>
			<transitionRules>
				% #:0 A:1 B:2 C:3 D:4 +:5 -:6 *:7;
				%   8   9   10  11  12  13  14  15;
				% (0) Quiescent State;
				(0|0,0,0,0) => (0|0,0,0,0);
				% (1) Signal Propagation ;
				(1|1,0,5,0) => (1|5,0,1,0);
				(1|2,0,5,0) => (2|5,0,1,0);
				(1|3,0,5,0) => (3|5,0,1,0);
				(2|1,0,5,0) => (1|5,0,2,0);
				(2|2,0,5,0) => (2|5,0,2,0);
				(2|3,0,5,0) => (3|5,0,2,0);
				(3|1,0,5,0) => (1|5,0,3,0);
				(3|2,0,5,0) => (2|5,0,3,0);
				(3|3,0,5,0) => (3|5,0,3,0);
				(1|1,5,0,0) => (1|5,1,0,0);
				(1|2,5,0,0) => (2|5,1,0,0);
				(1|3,5,0,0) => (3|5,1,0,0);
				(2|1,5,0,0) => (1|5,2,0,0);
				(2|2,5,0,0) => (2|5,2,0,0);
				(2|3,5,0,0) => (3|5,2,0,0);
				(3|1,5,0,0) => (1|5,3,0,0);
				(3|2,5,0,0) => (2|5,3,0,0);
				(3|3,5,0,0) => (3|5,3,0,0);
				(1|1,0,0,5) => (1|5,0,0,1);
				(1|2,0,0,5) => (2|5,0,0,1);
				(1|3,0,0,5) => (3|5,0,0,1);
				(2|1,0,0,5) => (1|5,0,0,2);
				(2|2,0,0,5) => (2|5,0,0,2);
				(2|3,0,0,5) => (3|5,0,0,2);
				(3|1,0,0,5) => (1|5,0,0,3);
				(3|2,0,0,5) => (2|5,0,0,3);
				(3|3,0,0,5) => (3|5,0,0,3);
				(1|1,5,5,0) => (1|5,1,1,0);
				(1|2,5,5,0) => (2|5,1,1,0);
				(1|3,5,5,0) => (3|5,1,1,0);
				(2|1,5,5,0) => (1|5,2,2,0);
				(2|2,5,5,0) => (2|5,2,2,0);
				(2|3,5,5,0) => (3|5,2,2,0);
				(3|1,5,5,0) => (1|5,3,3,0);
				(3|2,5,5,0) => (2|5,3,3,0);
				(3|3,5,5,0) => (3|5,3,3,0);
				(1|1,0,5,5) => (1|5,0,1,1);
				(1|2,0,5,5) => (2|5,0,1,1);
				(1|3,0,5,5) => (3|5,0,1,1);
				(2|1,0,5,5) => (1|5,0,2,2);
				(2|2,0,5,5) => (2|5,0,2,2);
				(2|3,0,5,5) => (3|5,0,2,2);
				(3|1,0,5,5) => (1|5,0,3,3);
				(3|2,0,5,5) => (2|5,0,3,3);
				(3|3,0,5,5) => (3|5,0,3,3);
				(1|1,5,0,5) => (1|5,1,0,1);
				(1|2,5,0,5) => (2|5,1,0,1);
				(1|3,5,0,5) => (3|5,1,0,1);
				(2|1,5,0,5) => (1|5,2,0,2);
				(2|2,5,0,5) => (2|5,2,0,2);
				(2|3,5,0,5) => (3|5,2,0,2);
				(3|1,5,0,5) => (1|5,3,0,3);
				(3|2,5,0,5) => (2|5,3,0,3);
				(3|3,5,0,5) => (3|5,3,0,3);
				(1|1,5,5,5) => (1|5,1,1,1);
				(1|2,5,5,5) => (2|5,1,1,1);
				(1|3,5,5,5) => (3|5,1,1,1);
				(2|1,5,5,5) => (1|5,2,2,2);
				(2|2,5,5,5) => (2|5,2,2,2);
				(2|3,5,5,5) => (3|5,2,2,2);
				(3|1,5,5,5) => (1|5,3,3,3);
				(3|2,5,5,5) => (2|5,3,3,3);
				(3|3,5,5,5) => (3|5,3,3,3);
				% (2) Advancing a head;
				%  Phase 0;
				(7|1,0,0,0) => (6|5,0,0,0);
				%  Phase 1;
				(6|1,0,0,0) => (1|5,0,6,0);
				(6|2,0,0,0) => (2|5,6,0,0);
				(6|3,0,0,0) => (3|5,0,0,6);
				%  Phase 2;
				(0|6,0,0,0) => (5|5,0,0,0);
				(1|1,0,0,0) => (1|5,0,7,0);
				(1|2,0,0,0) => (2|5,0,7,0);
				(1|3,0,0,0) => (3|5,0,7,0);
				(2|1,0,0,0) => (1|5,7,0,0);
				(2|2,0,0,0) => (2|5,7,0,0);
				(2|3,0,0,0) => (3|5,7,0,0);
				(3|1,0,0,0) => (1|5,0,0,7);
				(3|2,0,0,0) => (2|5,0,0,7);
				(3|3,0,0,0) => (3|5,0,0,7);
				%  Phase 3;
				(5|7,0,0,0) => (7|5,0,0,0);
				% (3) Retracting a tail;
				%  Phase 0;
				(5|5,0,0,0) => (6|7,0,0,0);
				(1|7,0,5,0) => (7|6,0,1,0);
				(2|7,0,5,0) => (7|6,0,2,0);
				(3|7,0,5,0) => (7|6,0,3,0);
				(1|0,7,5,0) => (7|0,6,1,0);
				(2|0,7,5,0) => (7|0,6,2,0);
				(3|0,7,5,0) => (7|0,6,3,0);
				(1|0,0,5,7) => (7|0,0,1,6);
				(2|0,0,5,7) => (7|0,0,2,6);
				(3|0,0,5,7) => (7|0,0,3,6);
				%  Phase 1;
				%(6|6,0,0,0) => (0|6,0,0,0);
				(6|6,0,0,0) => (8|6,0,0,0);
				(7|7,0,5,0) => (1|0,0,1,0);
				(7|0,7,5,0) => (2|0,0,1,0);
				(7|0,0,5,7) => (3|0,0,1,0);
				%  Phase 2;
				(1|6,0,5,0) => (7|0,0,1,0);
				(2|0,6,5,0) => (7|0,0,2,0);
				(3|0,0,5,6) => (7|0,0,3,0);
				%  Phase 3;
				(7|5,0,0,0) => (5|7,0,0,0);
				% (4) Branching at a head;
				%  Phase 0;
				(7|2,0,0,0) => (5|5,0,2,0);
				%  Phase 1;
				(0|2,0,0,0) => (0|2,0,0,0);
				(5|1,0,0,0) => (1|5,6,6,6);
				(5|2,0,0,0) => (2|5,6,6,0);
				(5|3,0,0,0) => (3|5,0,6,6);
				%  Phase 2;
				(1|1,0,2,0) => (1|5,7,7,7);
				(2|1,0,2,0) => (1|5,7,7,0);
				(3|1,0,2,0) => (1|5,0,7,7);
				% (5) Branching at a tail;
				%  Phase 0;
				(1|7,5,5,5) => (7|6,1,1,1);
				(2|7,5,5,5) => (7|6,2,2,2);
				(3|7,5,5,5) => (7|6,3,3,3);
				(1|7,5,5,0) => (7|6,1,1,0);
				(2|7,5,5,0) => (7|6,2,2,0);
				(3|7,5,5,0) => (7|6,3,3,0);
				(1|7,0,5,5) => (7|6,0,1,1);
				(2|7,0,5,5) => (7|6,0,2,2);
				(3|7,0,5,5) => (7|6,0,3,3);
				%  Phase 1;
				(7|7,5,5,5) => (1|0,2,2,2);
				(7|7,5,5,0) => (2|0,1,2,0);
				(7|7,0,5,5) => (3|0,0,2,1);
				%  Phase 2;
				(1|6,5,5,5) => (7|0,2,1,3);
				(2|6,5,5,0) => (7|0,1,2,0);
				(3|6,0,5,5) => (7|0,0,3,1);
				%  Phase 3;
				(7|0,5,5,5) => (5|0,7,7,7);
				(7|0,5,5,0) => (5|0,7,7,0);
				%  Phase 4;
				(5|0,5,5,5) => (6|0,7,7,7);
				(5|0,5,5,0) => (6|0,7,7,0);
				%  Phase 5;
				(6|0,6,6,6) => (0|0,6,6,6);
				(6|0,6,6,0) => (0|0,6,6,0);
				% (5) Reproduction of R-Loop;
				%  Phase 0;
				(1|4,0,5,0) => (4|5,0,1,0);
				(2|4,0,5,0) => (4|5,0,2,0);
				(3|4,0,5,0) => (4|5,0,3,0);
				(1|4,5,0,0) => (4|5,1,0,0);
				(2|4,5,0,0) => (4|5,2,0,0);
				(3|4,5,0,0) => (4|5,3,0,0);
				(1|4,0,0,5) => (4|5,0,0,1);
				(2|4,0,0,5) => (4|5,0,0,2);
				(3|4,0,0,5) => (4|5,0,0,3);
				%  Phase 1;
				(4|2,0,5,0) => (2|5,0,4,0);
				(4|2,5,0,0) => (0|5,1,4,0);
				(4|2,0,0,5) => (0|5,0,4,1);
				%  Phase 2;
				(0|4,0,0,0) => (0|4,0,0,0);
				(0|1,5,0,0) => (6|5,2,2,0);
				(0|1,0,0,5) => (6|5,0,2,3);
				%  Phase 3;
				(6|1,5,4,0) => (6|5,4,6,0);
				(6|1,0,4,5) => (6|5,0,6,4);
				%  Phase 4;
				(6|1,5,2,0) => (7|5,3,7,0);
				(6|1,0,2,5) => (7|5,0,7,3);
				%  Phase 5;
				(7|1,5,5,0) => (7|5,1,1,0);
				(6|1,5,5,0) => (7|5,1,2,0);
				(5|1,5,5,0) => (7|5,1,3,0);
				(7|2,5,5,0) => (6|5,1,1,0);
				(6|2,5,5,0) => (6|5,1,2,0);
				(5|2,5,5,0) => (6|5,1,3,0);
				(7|3,5,5,0) => (5|5,1,1,0);
				(6|3,5,5,0) => (5|5,1,2,0);
				(5|3,5,5,0) => (5|5,1,3,0);
				(7|1,0,5,5) => (7|5,0,1,1);
				(6|1,0,5,5) => (7|5,0,2,1);
				(5|1,0,5,5) => (7|5,0,3,1);
				(7|2,0,5,5) => (6|5,0,1,1);
				(6|2,0,5,5) => (6|5,0,2,1);
				(5|2,0,5,5) => (6|5,0,3,1);
				(7|3,0,5,5) => (5|5,0,1,1);
				(6|3,0,5,5) => (5|5,0,2,1);
				(5|3,0,5,5) => (5|5,0,3,1);
				(4|3,0,5,0) => (5|5,0,1,0);
				(4|3,5,0,0) => (5|5,1,0,0);
				(4|3,0,0,5) => (5|5,0,0,1);
				%  Phase 6;
				(5|1,0,5,0) => (6|5,0,1,0);
				(5|1,5,0,0) => (6|5,2,0,0);
				(5|1,0,0,5) => (6|5,0,0,3);
				%  Phase 7;
				(6|1,0,5,0) => (3|5,0,4,0);
				(6|1,5,0,0) => (3|5,4,0,0);
				(6|1,0,0,5) => (3|5,0,0,4);
				%  Phase 16;
				(7|4,5,5,0) => (4|5,1,1,0);
				(6|4,5,5,0) => (4|5,1,2,0);
				(5|4,5,5,0) => (4|5,1,3,0);
				(7|4,0,5,5) => (4|5,0,1,1);
				(6|4,0,5,5) => (4|5,0,2,1);
				(5|4,0,5,5) => (4|5,0,3,1);
				%  Phase 17;
				(4|3,5,5,0) => (4|5,1,7,0);
				(4|3,0,5,5) => (4|5,0,7,1);
				%  Phase 18;
				(4|1,5,5,0) => (0|5,1,7,0);
				(4|1,0,5,5) => (0|5,0,7,1);
				%  Phase 19;
				(0|1,5,6,0) => (1|5,1,6,0);
				(0|1,0,6,5) => (1|5,0,6,1);
				%  Phase 24;
				(1|6,6,5,0) => (0|4,5,1,0);
				(1|6,0,5,6) => (0|4,0,1,5);
				%  Phase 25;
				(0|0,7,5,0) => (5|4,5,1,0);
				(0|0,0,5,7) => (5|4,0,1,5);
				%  Phase 26;
				(5|4,1,5,0) => (0|0,5,1,0);
				(5|4,0,5,1) => (0|0,0,1,5);
				%  Phase 27;
				(0|4,2,5,0) => (2|0,5,4,0);
				(0|4,0,5,3) => (2|0,0,4,5);
				%  There are 765 rules. ;
				% center with trajectory ;
				% (0) Quiescent State;
				(8|0,0,0,0) => (8|0,0,0,0);
				% (1) Signal Propagation ;
				(9|1,0,5,0) => (9|5,0,1,0);
				(9|2,0,5,0) => (10|5,0,1,0);
				(9|3,0,5,0) => (11|5,0,1,0);
				(10|1,0,5,0) => (9|5,0,2,0);
				(10|2,0,5,0) => (10|5,0,2,0);
				(10|3,0,5,0) => (11|5,0,2,0);
				(11|1,0,5,0) => (9|5,0,3,0);
				(11|2,0,5,0) => (10|5,0,3,0);
				(11|3,0,5,0) => (11|5,0,3,0);
				(9|1,5,0,0) => (9|5,1,0,0);
				(9|2,5,0,0) => (10|5,1,0,0);
				(9|3,5,0,0) => (11|5,1,0,0);
				(10|1,5,0,0) => (9|5,2,0,0);
				(10|2,5,0,0) => (10|5,2,0,0);
				(10|3,5,0,0) => (11|5,2,0,0);
				(11|1,5,0,0) => (9|5,3,0,0);
				(11|2,5,0,0) => (10|5,3,0,0);
				(11|3,5,0,0) => (11|5,3,0,0);
				(9|1,0,0,5) => (9|5,0,0,1);
				(9|2,0,0,5) => (10|5,0,0,1);
				(9|3,0,0,5) => (11|5,0,0,1);
				(10|1,0,0,5) => (9|5,0,0,2);
				(10|2,0,0,5) => (10|5,0,0,2);
				(10|3,0,0,5) => (11|5,0,0,2);
				(11|1,0,0,5) => (9|5,0,0,3);
				(11|2,0,0,5) => (10|5,0,0,3);
				(11|3,0,0,5) => (11|5,0,0,3);
				(9|1,5,5,0) => (9|5,1,1,0);
				(9|2,5,5,0) => (10|5,1,1,0);
				(9|3,5,5,0) => (11|5,1,1,0);
				(10|1,5,5,0) => (9|5,2,2,0);
				(10|2,5,5,0) => (10|5,2,2,0);
				(10|3,5,5,0) => (11|5,2,2,0);
				(11|1,5,5,0) => (9|5,3,3,0);
				(11|2,5,5,0) => (10|5,3,3,0);
				(11|3,5,5,0) => (11|5,3,3,0);
				(9|1,0,5,5) => (9|5,0,1,1);
				(9|2,0,5,5) => (10|5,0,1,1);
				(9|3,0,5,5) => (11|5,0,1,1);
				(10|1,0,5,5) => (9|5,0,2,2);
				(10|2,0,5,5) => (10|5,0,2,2);
				(10|3,0,5,5) => (11|5,0,2,2);
				(11|1,0,5,5) => (9|5,0,3,3);
				(11|2,0,5,5) => (10|5,0,3,3);
				(11|3,0,5,5) => (11|5,0,3,3);
				(9|1,5,0,5) => (9|5,1,0,1);
				(9|2,5,0,5) => (10|5,1,0,1);
				(9|3,5,0,5) => (11|5,1,0,1);
				(10|1,5,0,5) => (9|5,2,0,2);
				(10|2,5,0,5) => (10|5,2,0,2);
				(10|3,5,0,5) => (11|5,2,0,2);
				(11|1,5,0,5) => (9|5,3,0,3);
				(11|2,5,0,5) => (10|5,3,0,3);
				(11|3,5,0,5) => (11|5,3,0,3);
				(9|1,5,5,5) => (9|5,1,1,1);
				(9|2,5,5,5) => (10|5,1,1,1);
				(9|3,5,5,5) => (11|5,1,1,1);
				(10|1,5,5,5) => (9|5,2,2,2);
				(10|2,5,5,5) => (10|5,2,2,2);
				(10|3,5,5,5) => (11|5,2,2,2);
				(11|1,5,5,5) => (9|5,3,3,3);
				(11|2,5,5,5) => (10|5,3,3,3);
				(11|3,5,5,5) => (11|5,3,3,3);
				% (2) Advancing a head;
				%  Phase 0;
				(15|1,0,0,0) => (14|5,0,0,0);
				%  Phase 1;
				(14|1,0,0,0) => (9|5,0,6,0);
				(14|2,0,0,0) => (10|5,6,0,0);
				(14|3,0,0,0) => (11|5,0,0,6);
				%  Phase 2;
				(8|6,0,0,0) => (13|5,0,0,0);
				(9|1,0,0,0) => (9|5,0,7,0);
				(9|2,0,0,0) => (10|5,0,7,0);
				(9|3,0,0,0) => (11|5,0,7,0);
				(10|1,0,0,0) => (9|5,7,0,0);
				(10|2,0,0,0) => (10|5,7,0,0);
				(10|3,0,0,0) => (11|5,7,0,0);
				(11|1,0,0,0) => (9|5,0,0,7);
				(11|2,0,0,0) => (10|5,0,0,7);
				(11|3,0,0,0) => (11|5,0,0,7);
				%  Phase 3;
				(13|7,0,0,0) => (15|5,0,0,0);
				% (3) Retracting a tail;
				%  Phase 0;
				(13|5,0,0,0) => (14|7,0,0,0);
				(9|7,0,5,0) => (15|6,0,1,0);
				(10|7,0,5,0) => (15|6,0,2,0);
				(11|7,0,5,0) => (15|6,0,3,0);
				(9|0,7,5,0) => (15|0,6,1,0);
				(10|0,7,5,0) => (15|0,6,2,0);
				(11|0,7,5,0) => (15|0,6,3,0);
				(9|0,0,5,7) => (15|0,0,1,6);
				(10|0,0,5,7) => (15|0,0,2,6);
				(11|0,0,5,7) => (15|0,0,3,6);
				%  Phase 1;
				(14|6,0,0,0) => (8|6,0,0,0);
				(15|7,0,5,0) => (9|0,0,1,0);
				(15|0,7,5,0) => (10|0,0,1,0);
				(15|0,0,5,7) => (11|0,0,1,0);
				%  Phase 2;
				(9|6,0,5,0) => (15|0,0,1,0);
				(10|0,6,5,0) => (15|0,0,2,0);
				(11|0,0,5,6) => (15|0,0,3,0);
				%  Phase 3;
				(15|5,0,0,0) => (13|7,0,0,0);
				% (4) Branching at a head;
				%  Phase 0;
				(15|2,0,0,0) => (13|5,0,2,0);
				%  Phase 1;
				(8|2,0,0,0) => (8|2,0,0,0);
				(13|1,0,0,0) => (9|5,6,6,6);
				(13|2,0,0,0) => (10|5,6,6,0);
				(13|3,0,0,0) => (11|5,0,6,6);
				%  Phase 2;
				(9|1,0,2,0) => (9|5,7,7,7);
				(10|1,0,2,0) => (9|5,7,7,0);
				(11|1,0,2,0) => (9|5,0,7,7);
				% (5) Branching at a tail;
				%  Phase 0;
				(9|7,5,5,5) => (15|6,1,1,1);
				(10|7,5,5,5) => (15|6,2,2,2);
				(11|7,5,5,5) => (15|6,3,3,3);
				(9|7,5,5,0) => (15|6,1,1,0);
				(10|7,5,5,0) => (15|6,2,2,0);
				(11|7,5,5,0) => (15|6,3,3,0);
				(9|7,0,5,5) => (15|6,0,1,1);
				(10|7,0,5,5) => (15|6,0,2,2);
				(11|7,0,5,5) => (15|6,0,3,3);
				%  Phase 1;
				(15|7,5,5,5) => (9|0,2,2,2);
				(15|7,5,5,0) => (10|0,1,2,0);
				(15|7,0,5,5) => (11|0,0,2,1);
				%  Phase 2;
				(9|6,5,5,5) => (15|0,2,1,3);
				(10|6,5,5,0) => (15|0,1,2,0);
				(11|6,0,5,5) => (15|0,0,3,1);
				%  Phase 3;
				(15|0,5,5,5) => (13|0,7,7,7);
				(15|0,5,5,0) => (13|0,7,7,0);
				%  Phase 4;
				(13|0,5,5,5) => (14|0,7,7,7);
				(13|0,5,5,0) => (14|0,7,7,0);
				%  Phase 5;
				(14|0,6,6,6) => (8|0,6,6,6);
				(14|0,6,6,0) => (8|0,6,6,0);
				% (5) Reproduction of R-Loop;
				%  Phase 0;
				(9|4,0,5,0) => (12|5,0,1,0);
				(10|4,0,5,0) => (12|5,0,2,0);
				(11|4,0,5,0) => (12|5,0,3,0);
				(9|4,5,0,0) => (12|5,1,0,0);
				(10|4,5,0,0) => (12|5,2,0,0);
				(11|4,5,0,0) => (12|5,3,0,0);
				(9|4,0,0,5) => (12|5,0,0,1);
				(10|4,0,0,5) => (12|5,0,0,2);
				(11|4,0,0,5) => (12|5,0,0,3);
				%  Phase 1;
				(12|2,0,5,0) => (10|5,0,4,0);
				(12|2,5,0,0) => (8|5,1,4,0);
				(12|2,0,0,5) => (8|5,0,4,1);
				%  Phase 2;
				(8|4,0,0,0) => (8|4,0,0,0);
				(8|1,5,0,0) => (14|5,2,2,0);
				(8|1,0,0,5) => (14|5,0,2,3);
				%  Phase 3;
				(14|1,5,4,0) => (14|5,4,6,0);
				(14|1,0,4,5) => (14|5,0,6,4);
				%  Phase 4;
				(14|1,5,2,0) => (15|5,3,7,0);
				(14|1,0,2,5) => (15|5,0,7,3);
				%  Phase 5;
				(15|1,5,5,0) => (15|5,1,1,0);
				(14|1,5,5,0) => (15|5,1,2,0);
				(13|1,5,5,0) => (15|5,1,3,0);
				(15|2,5,5,0) => (14|5,1,1,0);
				(14|2,5,5,0) => (14|5,1,2,0);
				(13|2,5,5,0) => (14|5,1,3,0);
				(15|3,5,5,0) => (13|5,1,1,0);
				(14|3,5,5,0) => (13|5,1,2,0);
				(13|3,5,5,0) => (13|5,1,3,0);
				(15|1,0,5,5) => (15|5,0,1,1);
				(14|1,0,5,5) => (15|5,0,2,1);
				(13|1,0,5,5) => (15|5,0,3,1);
				(15|2,0,5,5) => (14|5,0,1,1);
				(14|2,0,5,5) => (14|5,0,2,1);
				(13|2,0,5,5) => (14|5,0,3,1);
				(15|3,0,5,5) => (13|5,0,1,1);
				(14|3,0,5,5) => (13|5,0,2,1);
				(13|3,0,5,5) => (13|5,0,3,1);
				(12|3,0,5,0) => (13|5,0,1,0);
				(12|3,5,0,0) => (13|5,1,0,0);
				(12|3,0,0,5) => (13|5,0,0,1);
				%  Phase 6;
				(13|1,0,5,0) => (14|5,0,1,0);
				(13|1,5,0,0) => (14|5,2,0,0);
				(13|1,0,0,5) => (14|5,0,0,3);
				%  Phase 7;
				(14|1,0,5,0) => (11|5,0,4,0);
				(14|1,5,0,0) => (11|5,4,0,0);
				(14|1,0,0,5) => (11|5,0,0,4);
				%  Phase 16;
				(15|4,5,5,0) => (12|5,1,1,0);
				(14|4,5,5,0) => (12|5,1,2,0);
				(13|4,5,5,0) => (12|5,1,3,0);
				(15|4,0,5,5) => (12|5,0,1,1);
				(14|4,0,5,5) => (12|5,0,2,1);
				(13|4,0,5,5) => (12|5,0,3,1);
				%  Phase 17;
				(12|3,5,5,0) => (12|5,1,7,0);
				(12|3,0,5,5) => (12|5,0,7,1);
				%  Phase 18;
				(12|1,5,5,0) => (8|5,1,7,0);
				(12|1,0,5,5) => (8|5,0,7,1);
				%  Phase 19;
				(8|1,5,6,0) => (9|5,1,6,0);
				(8|1,0,6,5) => (9|5,0,6,1);
				%  Phase 24;
				(9|6,6,5,0) => (8|4,5,1,0);
				(9|6,0,5,6) => (8|4,0,1,5);
				%  Phase 25;
				(8|0,7,5,0) => (13|4,5,1,0);
				(8|0,0,5,7) => (13|4,0,1,5);
				%  Phase 26;
				(13|4,1,5,0) => (8|0,5,1,0);
				(13|4,0,5,1) => (8|0,0,1,5);
				%  Phase 27;
				(8|4,2,5,0) => (10|0,5,4,0);
				(8|4,0,5,3) => (10|0,0,4,5);
			</transitionRules>
		</Hash>
	</Rule>
	<Design>
		<valueRange>(0.000, 15.000)</valueRange>
		<cellFillColor>
			<stateRGBAColor value="15.000">  0, 0, 255, 200</stateRGBAColor>
			<stateRGBAColor value="7.000">  0,   0, 255, 200</stateRGBAColor>
			<stateRGBAColor value="5.000">109, 224,  81, 200</stateRGBAColor>
			<stateRGBAColor value="8.000">200, 160, 160, 200</stateRGBAColor>
			<stateRGBAColor value="2.000">255, 170,   0, 200</stateRGBAColor>
			<stateRGBAColor value="12.000">128, 100, 255, 200</stateRGBAColor>
			<stateRGBAColor value="3.000">255,   0,  55, 200</stateRGBAColor>
			<stateRGBAColor value="6.000">  0,   0,   0, 200</stateRGBAColor>
			<stateRGBAColor value="0.000">255, 255, 255, 200</stateRGBAColor>
			<stateRGBAColor value="1.000">  0, 255, 255, 200</stateRGBAColor>
			<stateRGBAColor value="9.000">  0, 255, 255, 200</stateRGBAColor>
			<stateRGBAColor value="10.000">255, 170,  0, 200</stateRGBAColor>
			<stateRGBAColor value="11.000">255,   0,  55, 200</stateRGBAColor>
			<stateRGBAColor value="4.000">128, 100, 255, 200</stateRGBAColor>
			<stateRGBAColor value="13.000">109, 224,  81, 200</stateRGBAColor>
			<stateRGBAColor value="14.000">  0,   0,   0, 200</stateRGBAColor>
		</cellFillColor>
		<lineRGBAColor>128, 128, 128, 128</lineRGBAColor>
		<activeCellRGBAColor>0, 50, 180, 30</activeCellRGBAColor>
		<activeLineRGBAColor>0, 50, 200, 120</activeLineRGBAColor>
		<undefinedRGBAColor>255, 0, 0, 255</undefinedRGBAColor>
	</Design>
</CellularAutomaton>
