S1A   (1|6,0,5,1) => (1|5,8,1,7)
S2A   (1|7,0,5,1) => (1|5,8,1,3)
S1Am  (1|6,1,5,0) => (1|5,7,1,8)
S2Am  (1|7,1,5,0) => (1|5,3,1,8)
S1B   (1|6,5,1,0) => (1|5,1,7,8)
S2B   (1|7,5,1,0) => (1|5,1,3,8)
S1Bm  (1|6,0,1,5) => (1|5,8,7,1)
S2Bm  (1|7,0,1,5) => (1|5,8,3,1)
S1C   (1|6,5,0,1) => (1|5,1,8,7)
S2C   (1|7,5,0,1) => (1|5,1,8,3)
S1Cm  (1|6,1,0,5) => (1|5,7,8,1)
S2Cm  (1|7,1,0,5) => (1|5,3,8,1)
PV    (1|1,7,0,0) => (1|5,0,6,8)
PVm   (1|1,0,0,7) => (1|5,8,6,0)
PS1   (1|1,0,7,0) => (4|5,6,0,0)
PS2v  (4|1,0,3,0) => (4|5,7,0,0)
FIN   (4|1,5,0,0) => (1|5,1,8,8)
FINs  (4|1,0,5,0) => (1|5,8,1,8)
FINm  (4|1,0,0,5) => (1|5,8,8,1)
TVAN  (6|7,0,0,0) => (0|0,8,8,8)
Q5    (0|5,0,0,0) => (0|0,3,3,3)
PH3   (0|3,0,0,0) => (0|0,0,3,0)
PH8   (0|8,0,0,0) => (0|0,0,8,0)
PH33  (0|3,0,3,0) => (0|3,0,3,0)
PH88  (0|8,0,8,0) => (0|8,0,8,0)
PH38  (0|3,0,8,0) => (0|8,0,3,0)
PH33b (0|3,3,0,0) => (0|0,0,3,3)
PH88b (0|8,8,0,0) => (0|0,0,8,8)
PH38b (0|3,8,0,0) => (0|0,0,3,8)
PH83b (0|8,3,0,0) => (0|0,0,8,3)
S1T   (1|6,5,7,0) => (1|5,1,7,3)
S2T   (1|7,5,7,0) => (4|5,1,5,8)
S1T   (1|6,5,0,7) => (1|5,1,3,7)
S2T   (1|7,5,0,7) => (4|5,1,8,5)
S1T   (1|6,7,5,0) => (1|5,7,1,3)
S2T   (1|7,7,5,0) => (4|5,5,1,8)
S1T   (1|6,0,5,7) => (1|5,3,1,7)
S2T   (1|7,0,5,7) => (4|5,8,1,5)
S1T   (1|6,7,0,5) => (1|5,7,3,1)
S2T   (1|7,7,0,5) => (4|5,5,8,1)
S1T   (1|6,0,7,5) => (1|5,3,7,1)
S2T   (1|7,0,7,5) => (4|5,8,5,1)